E,34.0,66.0,23.0,0.0,0.0,0.0,2
T,34.0,50,44,3.0,2.0,0,0,2
M,23.0,50,34,8.0,0,2
H,66.0,50,33,5.0,0,2
E,34.0,66.0,23.0,0.0,0.0,0.0,2
H,66.0,50,33,5.0,0,2
M,31.0,50,34,8.0,1,2
T,37.0,50,44,3.0,2.0,1,0,2
E,34.0,66.0,23.0,0.0,0.0,0.0,2
H,66.0,50,33,5.0,0,2
T,40.0,50,44,3.0,2.0,1,0,2
M,39.0,50,34,8.0,1,2
E,34.0,66.0,23.0,0.0,0.0,0.0,2
H,66.0,50,33,5.0,0,2
T,43.0,50,44,3.0,2.0,1,0,2
M,39.0,50,34,8.0,0,2
E,34.0,66.0,23.0,0.0,0.0,0.0,2
T,46.0,50,44,3.0,2.0,1,0,2
H,66.0,50,33,5.0,0,2
M,39.0,50,34,8.0,0,2
E,34.0,66.0,23.0,0.0,0.0,0.0,2
H,66.0,50,33,5.0,0,2
T,46.0,50,44,3.0,2.0,0,0,4
M,39.0,50,34,8.0,0,2
E,34.0,66.0,23.0,-1.0,0.0,0.0,2
M,39.0,50,34,8.0,0,2
H,66.0,50,33,5.0,0,2
E,34.0,66.0,23.0,-2.0,0.0,0.0,2
T,43.0,50,44,3.0,2.0,0,0,4
H,66.0,50,33,5.0,0,2
M,39.0,50,34,8.0,0,2
E,34.0,66.0,23.0,-2.0,0.0,0.0,2
M,39.0,50,34,8.0,0,2
H,66.0,50,33,5.0,0,2
E,34.0,66.0,23.0,-2.0,-2.0,0.0,2
T,42.0,50,44,3.0,2.0,1,0,4
M,39.0,50,34,8.0,0,2
H,64.0,50,33,5.0,0,2
E,34.0,66.0,23.0,-2.0,-2.0,0.0,2
H,62.0,50,33,5.0,0,2
M,39.0,50,34,8.0,0,2
E,34.0,66.0,23.0,-2.0,-2.0,0.0,2
T,41.0,50,44,3.0,2.0,1,0,4
H,60.0,50,33,5.0,0,2
M,39.0,50,34,8.0,0,4
E,34.0,66.0,23.0,-2.0,-2.0,0.0,2
H,58.0,50,33,5.0,0,7
E,34.0,66.0,23.0,-2.0,-2.0,0.0,2
T,40.0,50,44,3.0,2.0,1,0,4
M,39.0,50,34,8.0,0,4
E,34.0,66.0,23.0,-2.0,-2.0,-3.0,2
E,34.0,66.0,23.0,-2.0,-2.0,5.0,2
T,39.0,50,44,3.0,2.0,1,0,4
M,41.0,50,34,8.0,0,4
H,52.0,50,33,5.0,0,7
E,34.0,66.0,23.0,-2.0,-2.0,5.0,2
E,34.0,66.0,23.0,-2.0,-2.0,5.0,2
T,38.0,50,44,3.0,2.0,1,0,4
M,51.0,50,34,8.0,0,4
E,34.0,66.0,23.0,-2.0,-2.0,5.0,2
E,34.0,66.0,23.0,-2.0,-2.0,5.0,2
T,37.0,50,44,3.0,2.0,1,0,4
H,44.0,50,33,5.0,0,7
M,61.0,50,34,8.0,0,4
E,34.0,66.0,23.0,-2.0,-2.0,5.0,2
E,34.0,66.0,23.0,-2.0,-2.0,5.0,2
T,36.0,50,44,3.0,2.0,1,0,4
M,71.0,50,34,8.0,0,4
E,34.0,66.0,23.0,-2.0,-2.0,5.0,2
H,38.0,50,33,5.0,0,7
E,34.0,66.0,23.0,-2.0,-2.0,5.0,2
T,35.0,50,44,3.0,2.0,1,0,4
M,81.0,50,34,8.0,0,4
E,34.0,66.0,23.0,-2.0,-2.0,5.0,2
E,34.0,66.0,23.0,-2.0,-2.0,5.0,2
T,34.0,50,44,3.0,2.0,1,0,4
M,91.0,50,34,8.0,0,4
E,34.0,66.0,23.0,-2.0,-2.0,5.0,2
H,30.0,50,33,5.0,0,7
E,34.0,66.0,23.0,-2.0,-2.0,5.0,2
T,33.0,50,44,3.0,2.0,1,0,4
M,100.0,50,34,8.0,0,4
E,34.0,66.0,23.0,-2.0,-2.0,5.0,2
E,34.0,66.0,23.0,-2.0,-2.0,5.0,2
T,32.0,50,44,3.0,2.0,1,0,4
M,100.0,50,34,8.0,0,4
H,29.0,50,33,5.0,1,7
E,34.0,66.0,23.0,-2.0,-2.0,5.0,2
E,34.0,66.0,23.0,-2.0,-2.0,5.0,2
T,31.0,50,44,3.0,2.0,1,0,4
M,100.0,50,34,8.0,0,4
E,34.0,66.0,23.0,-2.0,-2.0,1.0,2
E,34.0,66.0,23.0,-2.0,-2.0,-5.0,2
T,30.0,50,44,3.0,2.0,1,0,4
H,26.0,50,33,5.0,1,7
M,95.0,50,34,8.0,0,4
E,34.0,66.0,23.0,-2.0,-2.0,-5.0,2
E,34.0,66.0,23.0,-2.0,-2.0,-5.0,2
T,29.0,50,44,3.0,2.0,1,0,4
M,85.0,50,34,8.0,0,4
E,34.0,66.0,23.0,-2.0,-2.0,-5.0,2
H,25.0,50,33,5.0,1,7
E,34.0,66.0,23.0,-2.0,-2.0,-5.0,2
T,28.0,50,44,3.0,2.0,1,0,4
M,75.0,50,34,8.0,0,4
E,34.0,66.0,23.0,-2.0,-2.0,-5.0,2
E,34.0,66.0,23.0,-2.0,-2.0,-5.0,2
T,27.0,50,44,3.0,2.0,1,0,4
M,65.0,50,34,8.0,0,4
E,34.0,66.0,23.0,-2.0,0.0,-5.0,2
H,24.0,50,33,5.0,1,7
E,34.0,66.0,23.0,0.0,0.0,-5.0,2
T,28.0,50,44,3.0,2.0,1,0,4
M,55.0,50,34,8.0,0,4
E,34.0,66.0,23.0,0.0,0.0,-5.0,2
E,34.0,66.0,23.0,0.0,0.0,-5.0,2
T,31.0,50,44,3.0,2.0,1,0,4
M,45.0,50,34,8.0,0,4
H,29.0,50,33,5.0,1,7
E,34.0,66.0,23.0,0.0,0.0,-5.0,2
E,34.0,66.0,23.0,0.0,0.0,-5.0,2
T,34.0,50,44,6.0,2.0,1,0,4
M,35.0,50,34,8.0,0,4
E,34.0,66.0,23.0,0.0,0.0,-5.0,2
E,34.0,66.0,23.0,0.0,0.0,-5.0,2
T,40.0,50,44,6.0,2.0,1,0,4
H,34.0,50,33,5.0,1,7
M,25.0,50,34,8.0,0,4
E,34.0,66.0,23.0,0.0,0.0,-5.0,2
E,34.0,66.0,23.0,0.0,0.0,-5.0,2
T,46.0,50,44,6.0,2.0,1,0,4
M,23.0,50,34,8.0,1,4
E,34.0,66.0,23.0,0.0,0.0,0.0,2
H,34.0,50,33,5.0,0,7
E,34.0,66.0,23.0,0.0,0.0,0.0,2
T,46.0,50,44,6.0,2.0,0,0,4
M,31.0,50,34,8.0,1,4
E,34.0,66.0,23.0,0.0,0.0,0.0,2
E,34.0,66.0,23.0,0.0,0.0,0.0,2
T,46.0,50,44,6.0,2.0,0,0,4
M,39.0,50,34,8.0,1,4
E,34.0,66.0,23.0,0.0,0.0,0.0,2
H,34.0,50,33,5.0,0,7
